pnp_solver:
  ros__parameters:

    sensor_far:
      deviceID: 0
      exp_time: 25000
      fps: 400
      camera_name: "changjiao"
      camera_matrix:
        zerozero: 1032.91453901306
        zerotwo: 957.2268434654103
        oneone: 1021.192558754653
        onetwo: 633.2750671436311
        twotwo: 1.0
      distortion_coefficient:
        zero: -0.1342500109717331
        one: 0.1070192176077413
        two: 0.002288541182758558
        three: -0.0008148961344505976
        four: 0.000000
      uni_matrix:
        zerozero: 0.0655568
        zeroone: -0.997837
        zerotwo: -0.00484486
        zerothree: 0.097407
        onezero: -0.0148724
        oneone: 0.00387795
        onetwo: -0.999882
        onethree: -0.00529312
        twozero: 0.997738
        twoone: 0.0656209
        twotwo: -0.0145857
        twothree: 0.03686050
      point1:
        x: 950.0
        y: 12660.0
        z: 1930.0
      point2:
        x: 500.0
        y: 8800.0
        z: 0.0
      point3:
        x: 3970.0
        y: 8800.0
        z: 0.0
      point4:
        x: 2680.0
        y: 12660.0
        z: 1930.0


    sensor_close:
      deviceID: 1
      exp_time: 28000
      camera_name: guangjiao
      camera_matrix:
        zerozero: 1014.82112844042
        zerotwo: 937.077277091431
        oneone: 1013.017444237107
        onetwo: 632.396461831158
        twotwo: 1.0
      distortion_coefficient:
        zero: -0.1369233195848375
        one: 0.1222440743729342
        two: 0.001021350740162489
        three: -0.00249844732596856
        four: 0.000000
      uni_matrix:
        zerozero: -0.533979
        zeroone: -0.818061
        zerotwo: -0.213639
        zerothree: -0.141675
        onezero: 0.150518
        oneone: 0.156667
        onetwo: -0.976115
        onethree: 0.0265921
        twozero: 0.831992
        twoone: -0.553382
        twotwo: 0.0394765
        twothree: -0.092674
      point1:
        x: 4590.0
        y: 8800.0
        z: 2300.0
      point2:
        x: 3950.0
        y: 8800.0
        z: 0.0
      point3:
        x: 7140.0
        y: 8800.0
        z: 0.0
      point4:
        x: 5950.0
        y: 8800.0
        z: 2300.0

    length_of_cloud_queue: 10
    image_width: 1280
    image_height: 1024
