pnp_solver:
  ros__parameters:
    sensor_close:
      camera_matrix: [1406.312482, 0.000000, 966.522342, 0.000000, 1402.274874, 599.342961, 0.0, 0.0, 1.0]
      distortion_coefficient: [-0.068506, 0.128114, -0.000808, 0.001835, 0.0]
      uni_matrix: [-0.10095, -0.994887, -0.00309011, 0.136231, -0.0384396, 0.00700415, -0.999236, -0.0196554, 0.994149, -0.100754, -0.03895, 0.0116682]

    sensor_far:
      camera_matrix: [2786.15556, 0.0, 973.55417, 0.0, 2776.847274, 618.336654, 0.0, 0.0, 1.0]
      distortion_coefficient: [-0.104390, 0.924797, -0.002373, 0.002358, 0.0]
      uni_matrix: [-0.000301777, -0.999289, -0.0377013, -0.142598, 0.21708, 0.0367368, -0.975462, 0.0091706, 0.976154, -0.00847858, 0.216915, 0.0844117]

    length_of_cloud_queue: 10
    image_width: 1920
    image_height: 1200

    ndt:
      resolution: 1.0
      step_size: 0.8
      transform_epsilon: 0.01
      threshold: 2.0
      enable_debug: 1
