pnp_solver:
  ros__parameters:

    sensor_far:
      deviceID: 0
      exp_time: 25000
      fps: 400
      camera_name: "changjiao"
      camera_matrix: [2097.217884588907, 0.0, 981.9416806011635, 0.0, 2070.099721948241, 643.3282108734822, 0.0, 0.0, 1.0]
      distortion_coefficient: [-0.07154280012672556, 0.3231826749007794, 0.003691793373305754, 0.004461570471392508, 0.0]
      uni_matrix: [0.11071, -0.707632,  0.177543,   0.183464, -0.00447831, 0.0759269, -0.721748, -0.0292411, 0.729551, -0.14212, 0.287041, 0.0333409]


    sensor_close:
      deviceID: 1
      exp_time: 28000
      camera_name: guangjiao
      camera_matrix: [1404.565051693529, 0.0, 959.5298886675031, 0.0, 1389.55666581538, 606.0278435425379, 0.0, 0.0, 1.0]
      distortion_coefficient: [-0.04446260248046256, 0.07358230236370082, -0.002322355807022122, -0.002312570267871876, 0.0]
      uni_matrix: [-0.206523, -0.593311, 0.0454818, 0.0437791, -0.00763495, 0.19852, -0.748192, 0.0239357, 0.595003, -0.455886, 0.275296, -0.113578]

    length_of_cloud_queue: 10
    image_width: 1440 # 1280
    image_height: 1080 # 1024

    ndt:
      resolution: 1.0
      step_size: 0.8
      transform_epsilon: 0.01
      threshold: 2.0
      enable_debug: 1
