pnp_solver:
  ros__parameters:

    sensor_far:
      deviceID: 0
      exp_time: 25000
      fps: 400
      camera_name: "changjiao"
      camera_matrix: [2740.785753, 0.000000, 942.857551, 0.000000, 2730.148347, 595.336095, 0.000000, 0.000000, 1.000000]
      distortion_coefficient: [-0.118461, 0.884219, -0.000027, -0.001337, 0.000000]
      uni_matrix: [0.158509, -0.987162, 0.0196718, 0.13549, 0.122233, -0.000151194, -0.992501, -0.0109141, 0.979762, 0.159725, 0.12064, -0.100546]


    sensor_close:
      deviceID: 1
      exp_time: 28000
      camera_name: guangjiao
      camera_matrix: [1405.459575894194, 0.0, 971.2614333707561, 0.0, 1399.696592978305, 628.277663322283, 0.0, 0.0, 1.0]
      distortion_coefficient: [-0.06094235571747425, 0.1420084038703366, -0.001133877985158762, 0.001768400280569126, 0.0]
      uni_matrix: [-0.249156, -0.722157, -0.00510874, -0.095134, 0.0940769, 0.118344, -0.826595, 0.0756121, 0.716021, -0.413036, 0.272305, -0.285144]

    length_of_cloud_queue: 5
    image_width: 1920 # 1280
    image_height: 1200 # 1024

    ndt:
      resolution: 1.0
      step_size: 0.8
      transform_epsilon: 0.01
      threshold: 2.0
      enable_debug: 1
