pnp_solver:
  ros__parameters:

    sensor_far:
      deviceID: 0
      exp_time: 25000
      fps: 400
      camera_name: "changjiao"
      camera_matrix: [2740.785753, 0.0, 942.857551, 0.0, 2730.148347, 595.336, 0.0, 0.0, 1.0]
      distortion_coefficient: [-0.118461, 0.884219, -0.000027, -0.001337, 0.0]
      uni_matrix: [0.158509, -0.987162, 0.0196718, 0.13549, 0.122233, -0.000151194, -0.992501, -0.0109141, 0.979762, 0.159725, 0.12064, -0.100546]


    sensor_close:
      deviceID: 1
      exp_time: 28000
      camera_name: guangjiao
      camera_matrix: [2099.033157, 0.0, 979.223578, 0.0, 2090.619881, 651.142891, 0.0, 0.0, 1.0]
      distortion_coefficient: [-0.074087, 0.357193, 0.000931, 0.001243, 0.0]
      uni_matrix: [-0.271642, -0.96196, -0.0290318, -0.154767, -0.0715673, 0.0502737, -0.996168, 0.0182244, 0.959734, -0.268524, -0.0825014, -0.00121669]

    length_of_cloud_queue: 5
    image_width: 1920 # 1280
    image_height: 1200 # 1024

    ndt:
      resolution: 1.0
      step_size: 0.8
      transform_epsilon: 0.01
      threshold: 2.0
      enable_debug: 1
